 -7.14921040e+01 -2.92696000e+01
 -7.15333020e+01 -3.02873000e+01
 -7.15460970e+01 -2.92918000e+01
 -7.12910000e+01 -2.96140000e+01
 -7.16622010e+01 -3.02894000e+01
 -7.16744000e+01 -3.03242000e+01
 -7.16343990e+01 -3.02399010e+01
 -7.12776030e+01 -2.98579010e+01
 -7.12761000e+01 -2.99011990e+01
 -7.17077030e+01 -3.07272000e+01
 -7.15836030e+01 -3.02919010e+01
 -7.14983980e+01 -2.91903990e+01
 -7.14991000e+01 -2.91332000e+01
 -7.15998990e+01 -3.02838990e+01
 -7.13544010e+01 -2.93146990e+01
 -7.14045030e+01 -3.01845000e+01
 -7.13861010e+01 -3.00555000e+01
 -7.12947010e+01 -2.86537000e+01
 -7.13084030e+01 -2.98265000e+01
 -7.16976010e+01 -3.04659000e+01
 -7.13190990e+01 -2.96637000e+01
 -7.17053990e+01 -3.05505010e+01
 -7.16797030e+01 -3.03735010e+01
 -7.16828990e+01 -3.03507000e+01
 -7.13889010e+01 -2.99911990e+01
 -7.13203960e+01 -2.94566990e+01
 -7.13854980e+01 -3.00912000e+01
 -7.13119960e+01 -2.94256000e+01
 -7.12064970e+01 -2.84405990e+01
 -7.16961980e+01 -3.04892010e+01
 -7.15232010e+01 -2.90891000e+01
 -7.13883970e+01 -3.01096000e+01
 -7.13209000e+01 -2.95699010e+01
 -7.13522030e+01 -2.99106010e+01
 -7.13310010e+01 -2.97036000e+01
 -7.13554000e+01 -2.99394000e+01
 -7.13552020e+01 -2.99279000e+01
 -7.16819000e+01 -3.03799000e+01
 -7.13623960e+01 -2.99771000e+01
 -7.15152970e+01 -2.89843010e+01
 -7.13332980e+01 -2.94953990e+01
 -7.13482970e+01 -2.94669000e+01
 -7.13061980e+01 -2.99494990e+01
 -7.13063960e+01 -2.94393010e+01
 -7.13235020e+01 -2.94377990e+01
 -7.13305970e+01 -2.94654010e+01
 -7.13268970e+01 -2.94214000e+01
 -7.12210010e+01 -2.84624000e+01
 -7.13311000e+01 -2.99557990e+01
 -7.13181000e+01 -2.94172990e+01
 -7.13527980e+01 -2.99676990e+01
 -7.13517000e+01 -2.93272000e+01
 -7.13517000e+01 -2.93272000e+01
 -7.12764970e+01 -2.99060990e+01
 -7.13329010e+01 -2.87070010e+01
 -7.13080980e+01 -2.86842000e+01
 -7.14991990e+01 -3.02457010e+01
 -7.13054960e+01 -2.99513000e+01
