-70.552696 -24.357901
-70.200897 -22.010401
-70.664497 -26.093599
-71.492104 -29.269600
-71.664597 -33.706200
-71.533302 -30.287300
-71.798203 -33.773701
-70.154701 -21.788900
-70.402000 -23.569300
-71.546097 -29.291800
-71.549599 -31.777700
-70.264198 -22.446400
-71.529297 -32.881599
-71.529297 -32.881599
-71.655502 -33.317600
-71.555298 -31.818199
-70.190498 -21.977100
-70.620201 -23.382000
-70.525299 -25.454599
-71.291000 -29.614000
-71.050301 -27.681700
-71.553596 -31.864901
-71.662201 -30.289400
-71.674400 -30.324200
-70.322304 -22.947800
-71.873299 -33.838600
-71.634399 -30.239901
-71.277603 -29.857901
-71.564499 -31.646900
-71.276100 -29.901199
-71.522697 -32.006401
-71.707703 -30.727200
-71.583603 -30.291901
-70.525597 -23.030001
-70.166603 -21.881701
-71.498398 -29.190399
-71.499100 -29.133200
-71.657898 -31.095400
-70.316704 -22.931999
-71.599899 -30.283899
-70.444702 -25.226000
-71.669296 -33.071499
-71.662598 -33.466801
-71.354401 -29.314699
-71.404503 -30.184500
-70.915100 -27.595900
-70.915100 -27.595900
-70.414200 -23.525700
-71.386101 -30.055500
-70.152199 -21.647400
-71.532402 -31.895599
-71.834801 -33.876999
-71.576401 -31.527100
-71.480103 -32.334000
-71.437599 -32.487499
-71.294701 -28.653700
-71.704102 -33.395901
-70.656403 -26.181000
-71.838203 -33.848999
-70.694504 -26.163900
-71.674698 -33.456001
-70.542000 -23.539801
-71.308403 -29.826500
-70.440399 -25.199600
-71.664101 -31.032301
-71.697601 -30.465900
-70.159798 -21.741800
-71.319099 -29.663700
-71.680397 -30.933300
-71.533203 -32.706100
-71.687599 -30.876699
-70.087997 -21.545900
-71.099297 -27.805099
-71.159798 -28.202999
-70.573799 -24.518999
-70.957298 -27.271299
-71.705399 -30.550501
-71.471199 -32.530201
-70.950798 -27.323099
-71.679703 -30.373501
-71.682899 -30.350700
-71.513100 -31.955000
-71.457901 -32.690399
-71.652298 -30.979000
-70.248901 -22.280600
-71.699303 -33.432499
-71.529404 -31.945900
-71.155701 -28.049400
-71.694702 -33.242100
-71.511002 -31.780800
-71.508797 -31.776800
-71.477402 -32.509800
-71.445999 -32.644699
-71.388901 -29.991199
-71.182098 -28.324200
-71.320396 -29.456699
-70.583000 -25.490101
-71.385498 -30.091200
-71.704102 -33.201302
-71.701500 -33.157200
-71.532501 -31.912100
-71.311996 -29.425600
-71.101898 -27.837000
-71.654404 -33.025299
-70.700897 -26.599600
-71.504501 -32.707901
-71.206497 -28.440599
-70.110100 -21.608801
-71.543999 -32.779202
-71.513100 -31.955000
-71.522903 -32.237701
-71.740097 -33.093102
-70.802902 -26.938700
-71.506798 -32.729698
-71.696198 -30.489201
-70.278702 -22.561300
-71.605301 -31.401600
-71.529701 -32.083801
-71.535500 -32.137402
-71.727798 -33.125900
-70.524498 -23.522301
-71.533600 -32.163200
-70.608597 -23.408300
-71.523201 -29.089100
-71.545197 -31.732000
-70.328102 -22.917299
-70.664803 -26.366100
-71.388397 -30.109600
-70.123596 -21.617201
-70.232803 -22.168501
-70.973801 -27.349199
-70.669899 -26.304501
-70.596100 -23.420799
-70.516502 -23.025400
-71.595299 -31.445200
-70.704201 -26.506399
-71.428497 -32.413898
-71.320900 -29.569901
-71.541397 -32.765900
-71.637703 -31.300100
-70.523903 -25.418200
-71.352203 -29.910601
-71.491203 -32.244301
-71.331001 -29.703600
-71.664001 -31.136101
-71.355400 -29.939400
-70.520599 -25.399900
-71.540802 -31.865499
-70.664398 -25.658199
-71.507896 -31.982100
-70.306503 -22.916300
-70.707199 -26.601999
-71.697304 -33.366299
-71.434097 -32.445900
-71.639900 -31.266500
-71.539703 -32.826599
-71.573898 -31.849899
-71.523598 -31.926800
-71.553101 -32.929501
-71.700203 -33.189201
-70.081497 -21.488501
-71.355202 -29.927900
-71.505096 -31.959999
-70.253304 -22.365700
-70.611801 -25.505301
-71.681900 -30.379900
-70.523903 -23.506300
-71.362396 -29.977100
-71.493896 -31.965000
-71.515297 -28.984301
-71.160896 -28.350000
-71.193497 -28.304300
-70.753899 -26.715401
-70.277901 -22.551399
-70.492104 -23.075600
-71.626198 -33.547501
-71.520302 -32.044399
-71.522400 -32.048401
-70.985199 -27.334700
-70.526703 -24.243799
-71.553596 -32.944901
-71.627296 -33.568802
-71.550903 -32.983200
-71.696503 -33.379101
-70.926804 -27.439600
-70.500298 -25.404800
-71.674004 -33.354401
-70.497597 -23.052299
-70.316200 -22.910999
-70.818497 -27.014601
-70.826897 -27.030001
-71.333298 -29.495399
-71.436798 -32.364601
-71.436798 -32.364601
-71.463699 -32.564899
-70.471603 -25.033100
-70.969803 -27.243099
-70.508202 -25.396700
-71.348297 -29.466900
-70.794296 -26.979000
-70.709099 -26.525700
-71.525803 -32.764999
-71.443398 -32.415001
-71.506500 -32.775101
-70.701500 -26.544399
-71.306198 -29.949499
-70.979301 -27.360600
-71.306396 -29.439301
-71.323502 -29.437799
-71.155701 -28.078899
-70.729897 -26.687700
-71.174400 -28.368500
-71.330597 -29.465401
-71.514000 -31.861000
-71.326897 -29.421400
-71.623703 -33.499699
-71.500900 -32.740700
-70.812401 -27.003599
-70.810204 -27.007900
-70.639603 -25.637800
-71.088402 -27.818300
-70.475304 -23.773300
-70.909599 -27.450800
-70.427696 -23.550100
-71.221001 -28.462400
-70.488098 -23.780399
-70.479103 -23.773199
-70.633499 -25.631701
-71.516098 -31.853300
-70.522102 -25.431400
-71.331100 -29.955799
-71.318100 -29.417299
-70.485397 -23.775400
-70.518600 -23.019199
-70.520798 -23.018600
-71.352798 -29.967699
-71.351700 -29.327200
-71.351700 -29.327200
-71.276497 -29.906099
-70.376503 -23.046301
-70.437798 -23.724501
-71.332901 -28.707001
-71.308098 -28.684200
-70.712097 -26.624701
-70.934700 -27.634199
-70.995399 -27.663799
-71.499199 -30.245701
-71.305496 -29.951300
-71.610703 -33.521400
-71.434998 -32.607201
-71.677803 -33.101200
